$ANSIBLE_VAULT;1.1;AES256
36666265313432313130393636633930323331643863663965383661373463656565636562616364
6535663164333564343233336564373934626433626335300a373634396430653364613735363164
64613663663561343362303633656331363263666637623030613135643538626662393764343634
3138643462313563310a613931353936363039653230666165663362363162373863326461623765
34363530376631316435386630633064323637336130396165383831663937373465396635383632
34303731623139346139353834663337363339323732366535336561366535336265653130396463
32643238616432633033303336343034336666393932373734663034326532363138663731623231
33353963336132313135383933313137626663376362333464343336343339376139323831656530
63633665393665623432383665333939383332636539333137303866643631323663636333666633
34316463613536366239366663626138303039323161386361386532643035303334333066313533
61366532303365383765666331613361613165396262633663653866363634313831383230313338
65633539303962323239663737333461333435346432633263666432313064643562396665643537
31336332376161393363666464393961383134396330643362383836363663656331303965396461
61646532336630653137323164653564343963333838333961366532346438623733343033623332
33383339663564613139656534663438633264326430613434656665353766343932346161336236
33663233613766643332343263353538636331316363356164316266656630386338633162313961
32373734373434613864353135373937316465363433646664356563396232633961383033343536
66306339333566373533346539333134333566646337353638353531316666363630343161633862
34393230386631633834653466376130626336616430613238346630303336663731626663386262
36353032353331626166643461616536346465363564393437343232313839333864623762333561
35666538326262313363653364653531373434363239626366306564303731333636623632303039
38306139393966303834613333326135323131306637386531383530653730336362636636663537
37346466663332653432626231616162613061623765383033373161396164613236363735663439
39313833663431633335343330303130356431393138393364303037363033363563656433336165
30626566386335623234633734613465316339313063373936356562316336366132
