$ANSIBLE_VAULT;1.1;AES256
32343836346433376134386635313232396237353134653637343535336332363963633335376536
3536303364323135636566643264343966393937313638320a383733323737343262353831376630
30616138376430336232303331336364653531646363363632376532303430643938383564636437
6233376236366530660a643762363432376630336635353430663863316564646463356139646235
64626534623939353130376330386238316633663236656361393265616438623261646666373266
31616466663561303935613737393364333062353866353061613530643361633439386233626631
39616135363434633132666265656264363930316438636666383962343132376163653830386438
37646461323266343935356263626165303435393166656166313633346231666633663337316362
30663166393937396630306432313765326661313236366337323935636532393361383934626463
31633434623333306465633032386165656332616433656234643838313139383466396535393732
36303236633734363834356537623231346162663230393637643663383138356431626530323031
65326665393232366131343139363930333038303138353434613536366133373332346463396239
35333066393965313431343665613739666631323262333566633036383130666538
