$ANSIBLE_VAULT;1.1;AES256
37366661373138356531313837613032353732613563373136663338633166313733373131313461
3164666633313039623237356263633337303138323566640a626365383731323035333939353036
61306132643238333734353764316564376431353636616636346238666437343136373664653134
3636623732393462620a363030363163646433616232363463633739306661383063333430373133
62366331323664643432353063346234316238343433613366383939646635643835613934646564
37626130333861353362663636313763313961303132636236626166313935303035633662373730
34656136333566366564613330666663306566326164643665323839613337373835303263303632
36663662613433363331313563326335643836613436346139343632376135643534353739376433
38373461356137346533333738336234356338626134616164323031323163353830643132626237
36353232653632666433633135326332336631363962343333353137666663643962313965636332
32356137303636303735663137613763383039383936626565333062626663373464666533313936
39393439393231643230326665646237346465323938343938623831333537666261643962396565
38386232326331336537353363613361333732393363353537616666663733356331303534613235
36633134613839646339366430666665623261353534306635663533356338663863663436663466
65306366626137613530363231373831366262353238646561326431623064376630666138626464
35626364396364646639333831646539323136636664393431386332383037323634663465396532
63666165653935616639623262373266323239343031353630353033363839376465336639636161
61376337383033393165303533376264633532356363366664663762623362636139653163346234
35313363336466643634623338636662613132363839636465616132363130633331616564343634
31646334363134353831613533323730323132343962653438363933346131306134353863396135
65643263316161353364613736303539303163393433353138653764373431356165376266643266
36323033613236333963306232333664386138646337613137356137636539376363656133623861
30336331633063323430636662336666373737303737383562323635343563393530373831336233
62656363313763613735613133633864383335376662313233663965653036616338396232643462
61383764326338633133316630376335656565366131346235643162326532663434
