$ANSIBLE_VAULT;1.1;AES256
38653833653030656665313562343334306538373766333430626164656533313438333862656562
3666346463623433333630386130393462613133316263340a626661323166386533393539613031
37306236633465373933636534346561656338393231393563336665626662376463343864613439
3030316130393036350a623165613831353631316138333330376464343439333638353035666430
32303130393765386264353131306563383365323139393135366162386466333835333334613162
39313236633334376466396565613066623330363662343435366162646431613133353034613736
63616361666666303366613966633462376436373561353834613263646439653463356634366337
31386436623835376330636664643739333233343932383438303330303863653732383836626562
38623331643131323930386539343063666531363038633739623862323338313866363738366662
61663930343939653235313563343238316433303765383761366364396161623534343437353566
62653136303932363365336332373236626332396637366564666166663136316364333662343231
32376363616630306465643961306166323962616634666261333763663963636532323861313162
38323562343961623533373864646163643334366637663262373865363036316638
